25

32.2331 32.7109 33.6449 28.7534 29.6609 26.6929 26.0276 34.6992 34.1231 29.9845 28.5035 28.2302 34.4036 31.6833 35.3757 34.0884 37.1399 40.1099 23.8301 32.3717 38.7305 25.9516 33.0501 35.8672 35.1853 

56928 68848 72520 96008 87552 132352 70320 36224 68488 80360 82400 36152 59184 65384 63656 54424 44448 19960 56312 60632 21672 56320 41384 54600 32392 

1.06458 2.4998 2.09763 1.29327 0.48892 0.954183 2.49192 2.1134 1.28539 0.449491 0.591436 1.52196 1.28539 0.496806 0.33909 0.465263 0.24446 0.252346 0.00788581 0.43372 0.417948 0.796467 1.70334 1.29327 0.473149 

5

4.7663e+06
