FrmCount=
1
Distortion0=
[[29.5787 31.061 31.1105 29.646 26.0884 22.6627 22.96 26.1178]
 [30.4425 32.6775 32.5738 30.6423 21.8732 31.3233 33.2705 21.7228]
 [26.8057 28.6238 28.8071 28.1091 20.6146 34.7564 36.6104 24.0255]
 [32.2331 26.6929 27.626 28.6454 30.3032 36.113 35.6377 32.6967]
 [32.7109 26.0276 28.5035 28.6439 30.2386 28.9865 29.3973 25.9516]
 [33.6449 34.6992 28.2302 34.2683 31.5667 28.9842 23.8301 33.0501]
 [28.7534 34.1231 34.4036 35.3757 35.6103 33.4933 32.3717 35.8672]
 [29.6609 29.9845 31.6833 34.0884 37.1399 40.1099 38.7305 35.1853]]
