  20.996312   74.801256   -12.631834
   9.957156  -209.779377   1102.186918
   0.789031  -18.571025   106.625874
   0.521035  -10.562724    53.276641
   0.423809   -8.246616    39.210071
   0.310086   -6.166344    28.636309
   0.247097   -5.180430    23.479920
   0.175973   -4.328716    19.589472
   0.173567   -4.505159    19.216832
   0.124951   -4.234424    17.707823
   0.099488   -4.253021    16.934563
   0.051435   -4.092273    15.771283
   0.024820   -4.148920    15.021439
   0.028890   -4.740683    15.674741
   0.028572   -5.458015    16.675007
  -0.010076   -6.143161    17.789733
  -0.121011   -6.222943    17.656238
  -0.220809   -6.445680    17.694399
  -0.345632   -6.640726    17.714882
  -0.419310   -6.600582    16.814511
  -0.484970   -6.862325    16.557796
  -0.498222   -8.234578    18.251596
  -0.492826   -9.792318    20.076532
  -0.703718  -11.262225    22.457441
  -1.120110  -10.243828    20.901972
  -2.186575   -6.869793    17.430516
  -2.306476   -7.379537    17.590336
  -2.053173   -7.905512    16.875602
  -2.884067   -6.474018    15.826142
  -1.432440  -13.221786    21.448150
  -2.932505  -10.499679    19.964471
  -1.232540  -18.996062    27.130964
  -2.365279  -24.453809    35.611367
  -7.999709   -5.355417    19.692334
  -3.742077  -19.091913    28.933430
  -2.038904  -37.477654    48.001898
  -6.744074  -31.490553    47.212091
 -31.979935   31.272978     7.736886
 -22.499550   22.922147     3.477903
  -9.968405  -17.043498    31.493940
  -6.476952  -47.918306    60.722346
  -5.161498  -92.245590   107.522723
  -6.678495  -133.871720   154.820966
  -9.650231  -192.086564   222.087481
 -10.954401  -237.548477   273.247464
 -18.827819  -337.841709   392.362337
 -41.653081  -477.389338   572.964348
 -113.117909  -230.824400   387.244151
 -401.057662  439.037300    -2.535328
 -1127.139272  2036.669681   -882.549307
 -34.713893  -22.729854    62.566626
 -35.512551  -23.582711    63.865793
 -6646.105334  13756.337204   -7105.082960
 -3731.129410  7637.289003   -3903.252721
 -2525.049818  5010.210185   -2483.135109
 -1929.855380  3783.966490   -1852.927682
 -2031.233156  3964.481100   -1932.504608
 -1342.451885  2395.033094   -1052.149726
 -182.316248  140.159870    42.250853
 -172.990817   29.550425   143.351135
 -1495.711467  2311.226166   -815.863455
 -1428.401061  2394.307866   -966.537804
 -1096.375829  884.531050   210.911325
 -1022.433928  421.542158   599.659999
 -1621.548636  1730.294881   -110.522960
  17.559793  -446.664105   426.931600
 -50.904121  -373.423563   421.354556
  22.712477  -577.642759   551.082810
 -35.960657  -522.002483   552.943878
  23.917191  -480.437055   449.614038
  13.163576  -492.411305   470.764843
  20.698850  -509.561163   475.990350
  13.000314  -392.578386   367.062795
 -16.141831  -112.584584    82.492480
 -19.933383  -114.495447    79.637804
 -21.547829  -114.991806    78.757928
 -29.215613  -117.647074    75.693688
 -27.761524  -118.826826    77.653406
 -42.951854  -63.483673    18.192283
 -49.485636  -56.813661    10.257343
 -49.485636  -56.813661    10.257343
