iteration x1 x2 x3 x4 x5 x6 x7 x8 x9 x10 x11 x12 x13 x14 x15 x16 x17 x18 x19 x20 x21 x22 x23 x24 x25 x26 x27 x28
     1    2.031057   2.031057   2.031057   2.031057   2.031057   2.031057   2.031057   2.031057   2.031057   2.031057   2.031057   2.031057   2.031057   2.031057   2.031057   2.031057   2.031057   2.031057   2.031057   2.031057   2.031057   2.031057   2.031057   2.031057   2.031057   2.031057   2.031057   1.024943
     2    2.015477   1.982413   1.702330   1.236318   2.074705   2.011101   1.669219   1.788787   2.053211   2.012446   1.737654   1.077486   2.071966   2.018640   1.754338   1.986873   2.017806   1.781036   1.636889   2.009153   1.803202   0.585942   1.997230   1.757286   1.742235   2.019849   1.760724   3.480578
     3    2.022925   1.997778   1.762684   0.056434   2.087069   2.019268   1.750153   1.836906   2.061036   2.020376   1.788343   0.049184   2.083694   2.025653   1.803250   2.000925   2.024925   1.828634   1.712559   2.017680   1.849842   0.026746   2.008448   1.804826   1.791205   2.026715   1.808553   3.321700
     4    1.924799   1.917568   1.809499  -0.043344   1.995059   1.923348   1.798019   1.872599   1.955099   1.923809   1.831961  -0.037775   1.989261   1.926039   1.844952   1.918130   1.925722   1.866082   1.761976   1.922805   1.881966  -0.020542   1.919923   1.846030   1.834185   1.926572   1.849352   5.872914
     5    1.918999   1.904846   1.837661   0.033765   1.937060   1.917052   1.829277   1.860890   1.936681   1.917683   1.850556   0.029427   1.937989   1.920474   1.855974   1.906701   1.920105   1.860899   1.801862   1.916234   1.861435   0.016003   1.911106   1.856696   1.851829   1.921064   1.857632  10.447913
     6    1.914801   1.902010   1.845711  -0.002255   1.948497   1.912951   1.840918   1.858421   1.934534   1.913552   1.851173  -0.001966   1.946908   1.916224   1.853509   1.903581   1.915869   1.857434   1.828175   1.912186   1.861177  -0.001069   1.907467   1.854161   1.851982   1.916798   1.854545  11.145803
     7    1.914369   1.901522   1.845909   0.000020   1.949086   1.912516   1.841958   1.857986   1.933935   1.913119   1.850689   0.000017   1.946973   1.915792   1.853082   1.903106   1.915437   1.857058   1.837732   1.911750   1.860683   0.000009   1.907016   1.853738   1.851495   1.916367   1.854151  11.243396
     8    1.914341   1.901497   1.845885  -0.000000   1.949055   1.912489   1.841944   1.857963   1.933907   1.913092   1.850667  -0.000000   1.946939   1.915765   1.853059   1.903080   1.915410   1.857035   1.838728   1.911723   1.860661  -0.000000   1.906989   1.853716   1.851474   1.916339   1.854129  11.248267
     9    1.914341   1.901496   1.845885   0.000000   1.949054   1.912489   1.841944   1.857963   1.933906   1.913091   1.850667   0.000000   1.946939   1.915764   1.853059   1.903080   1.915410   1.857035   1.838738   1.911723   1.860660   0.000000   1.906989   1.853716   1.851473   1.916339   1.854128  11.248311
    10    1.914341   1.901496   1.845885  -0.000000   1.949054   1.912489   1.841944   1.857963   1.933906   1.913091   1.850667  -0.000000   1.946939   1.915764   1.853059   1.903080   1.915410   1.857035   1.838738   1.911723   1.860660  -0.000000   1.906989   1.853716   1.851473   1.916339   1.854128  11.248311
计算结果收敛！ 