"dB"      "codedlen"      "PLR" using |A|=1000
-3    1000  1
-3    1100  1
-3    1200  1
-3    1300  1
-3    1400  1
-3    1500  1
-3    1600  1
-3    1700  1
-3    1800  1
-3    1900  1
-3    2000  1
-3    2100  1
-3    2200  1
-3    2300  1
-3    2400  1
-3    2500  1
-3    2600  1
-3    2700  1
-3    2800  1
-3    2900  1
-3    3000  1
-3    3100  1
-3    3200  1
-3    3300  1
-3    3400  1
-3    3500  1
-3    3600  1
-3    3700  1
-3    3800  1
-3    3900  1
-3    4000  1
-3    4100  1
-3    4200  1
-3    4300  1
-3    4400  1
-3    4500  1
-3    4600  1
-3    4700  1
-3    4800  0.99999
-3    4900  1
-3    5000  1
-3    5100  1
-3    5200  0.99994
-3    5300  0.99988
-3    5400  0.99967
-3    5500  0.99889
-3    5600  0.99874
-3    5700  0.99838
-3    5800  0.9963
-3    5900  0.99583
-3    6000  0.99485
-3    6100  0.99389
-3    6200  0.98647
-3    6300  0.97815
-3    6400  0.94848
-3    6500  0.95876
-3    6600  0.93018
-3    6700  0.93328
-3    6800  0.92572
-3    6900  0.90284
-3    7000  0.85877
-3    7100  0.85298
-3    7200  0.8469
-3    7300  0.69674
-3    7400  0.7784
-3    7500  0.74476
-3    7600  0.72356
-3    7700  0.66657
-3    7800  0.65409
-3    7900  0.6471
-3    8000  0.61587
-3    8100  0.6017
-3    8200  0.3843
-3    8300  0.53346
-3    8400  0.48475
-3    8500  0.41602
-3    8600  0.40553
-3    8700  0.37133
-3    8800  0.38308
-3    8900  0.37423
-3    9000  0.37047
-3    9100  0.18191
-3    9200  0.40337
-3    9300  0.42455
-3    9400  0.38101
-3    9500  0.33153
-3    9600  0.2703
-3    9700  0.21346
-3    9800  0.15912
-2    1000  1
-2    1100  1
-3    9900  0.11281
-2    1200  1
-2    1300  1
-2    1400  1
-2    1500  1
-2    1600  1
-2    1700  1
-2    1800  1
-2    1900  1
-2    2000  1
-2    2100  1
-2    2200  1
-2    2300  1
-2    2400  1
-2    2500  1
-2    2600  1
-2    2700  1
-2    2800  1
-2    2900  1
-2    3000  1
-2    3100  1
-2    3200  1
-2    3300  1
-2    3400  1
-2    3500  1
-2    3600  1
-2    3700  1
-2    3800  1
-2    3900  1
-2    4000  1
-2    4100  1
-2    4200  1
-2    4300  0.9999
-2    4400  0.99983
-2    4500  0.99958
-2    4600  0.99856
-2    4700  0.99731
-2    4800  0.99493
-2    4900  0.99149
-2    5000  0.986
-2    5100  0.97953
-2    5200  0.96582
-2    5300  0.94757
-2    5400  0.92306
-2    5500  0.87536
-2    5600  0.86519
-2    5700  0.84593
-2    5800  0.80765
-2    5900  0.78877
-2    6000  0.76572
-2    6100  0.75162
-2    6200  0.67908
-2    6300  0.62181
-2    6400  0.50653
-2    6500  0.54361
-2    6600  0.4665
-2    6700  0.47536
-2    6800  0.45812
-2    6900  0.41607
-2    7000  0.35481
-2    7100  0.34245
-2    7200  0.33578
-2    7300  0.20756
-2    7400  0.26637
-2    7500  0.23959
-2    7600  0.22919
-2    7700  0.18706
-2    7800  0.1831
-2    7900  0.1793
-2    8000  0.16527
-2    8100  0.15786
-2    8200  0.07643
-2    8300  0.12724
-2    8400  0.10859
-2    8500  0.08693
-2    8600  0.08161
-2    8700  0.07187
-2    8800  0.07695
-2    8900  0.07305
-2    9000  0.07157
-2    9100  0.02732
-2    9200  0.08024
-2    9300  0.08711
-2    9400  0.07591
-2    9500  0.06072
-2    9600  0.04587
-2    9700  0.03298
-1    1000  1
-2    9800  0.02318
-1    1100  1
-2    9900  0.01504
-1    1200  1
-1    1300  1
-1    1400  1
-1    1500  1
-1    1600  1
-1    1700  1
-1    1800  1
-1    1900  1
-1    2100  1
-1    2000  1
-1    2200  1
-1    2300  1
-1    2400  1
-1    2600  1
-1    2500  1
-1    2700  1
-1    2800  1
-1    2900  1
-1    3100  1
-1    3000  1
-1    3200  0.99999
-1    3300  0.99999
-1    3400  0.99999
-1    3500  0.99994
-1    3600  0.99985
-1    3700  0.99948
-1    3800  0.99863
-1    3900  0.9968
-1    4000  0.99344
-1    4100  0.9858
-1    4200  0.97607
-1    4300  0.96246
-1    4400  0.9336
-1    4500  0.90914
-1    4600  0.85994
-1    4700  0.82671
-1    4800  0.77901
-1    4900  0.74315
-1    5100  0.64821
-1    5000  0.68625
-1    5200  0.58527
-1    5300  0.51814
-1    5400  0.46227
-1    5500  0.38008
-1    5600  0.37166
-1    5700  0.34496
-1    5800  0.30274
-1    5900  0.28702
-1    6000  0.26631
-1    6100  0.25542
-1    6200  0.20735
-1    6300  0.17649
-1    6400  0.12281
-1    6500  0.14049
-1    6600  0.10989
-1    6700  0.11012
-1    6800  0.10285
-1    6900  0.08965
-1    7000  0.0707
-1    7100  0.06832
-1    7200  0.06789
-1    7300  0.03409
-1    7400  0.04904
-1    7500  0.04045
-1    7600  0.03843
-1    7700  0.0305
-1    7800  0.02905
-1    7900  0.02879
-1    8000  0.02547
-1    8100  0.02447
-1    8200  0.00943
-1    8300  0.01879
-1    8400  0.01538
-1    8500  0.01123
-1    8600  0.0106
-1    8700  0.00925
-1    8800  0.00985
-1    8900  0.00861
-1    9000  0.00932
-1    9100  0.00252
-1    9200  0.01045
-1    9300  0.01152
-1    9400  0.00871
-1    9500  0.00723
-1    9600  0.0054
-1    9700  0.00366
0    1000  1
-1    9800  0.00203
0    1100  1
-1    9900  0.00135
0    1200  1
0    1300  1
0    1400  1
0    1500  1
0    1600  1
0    1700  1
0    1800  1
0    1900  1
0    2000  1
0    2100  1
0    2200  1
0    2300  1
0    2400  1
0    2600  1
0    2500  1
0    2700  1
0    2800  0.99999
0    2900  0.99996
0    3100  0.99914
0    3000  0.9998
0    3200  0.99684
0    3300  0.99236
0    3400  0.98341
0    3500  0.96925
0    3600  0.94645
0    3700  0.91366
0    3800  0.87868
0    3900  0.83096
0    4000  0.76467
0    4100  0.70339
0    4200  0.64317
0    4300  0.58348
0    4400  0.50319
0    4500  0.45282
0    4600  0.37503
0    4700  0.34027
0    4800  0.29199
0    4900  0.26015
0    5000  0.22184
0    5100  0.19711
0    5200  0.16605
0    5300  0.13247
0    5400  0.1118
0    5500  0.08305
0    5600  0.08016
0    5700  0.07314
0    5800  0.05929
0    5900  0.05639
0    6000  0.05214
0    6100  0.04855
0    6200  0.03568
0    6300  0.02951
0    6400  0.01888
0    6500  0.02145
0    6600  0.01568
0    6700  0.01733
0    6800  0.01466
0    6900  0.01242
0    7000  0.00946
0    7100  0.0095
0    7200  0.00818
0    7300  0.00368
0    7400  0.00574
0    7500  0.00432
0    7600  0.00472
0    7700  0.00322
0    7800  0.00307
0    7900  0.00304
0    8000  0.00277
0    8100  0.0025
0    8200  0.00087
0    8300  0.00182
0    8400  0.00161
0    8500  0.00113
0    8600  0.00105
0    8700  0.00079
0    8800  0.001
0    8900  0.00089
0    9000  0.00078
0    9100  0.00017
0    9200  0.00101
0    9300  0.00112
0    9400  0.00081
0    9500  0.00072
0    9600  0.00033
0    9700  0.00022
1    1000  1
0    9800  0.00011
1    1100  1
0    9900  9e-05
1    1200  1
1    1300  1
1    1400  1
1    1500  1
1    1600  1
1    1700  1
1    1800  1
1    1900  1
1    2000  1
1    2100  1
1    2200  1
1    2300  1
1    2400  1
1    2500  0.99997
1    2600  0.99972
1    2700  0.99873
1    2800  0.99403
1    2900  0.97808
1    3000  0.94912
1    3100  0.9035
1    3200  0.84
1    3300  0.77508
1    3400  0.7093
1    3500  0.62654
1    3600  0.55443
1    3700  0.47664
1    3800  0.41681
1    3900  0.35397
1    4000  0.2935
1    4100  0.2424
1    4200  0.20511
1    4300  0.17564
1    4400  0.13659
1    4500  0.11565
1    4600  0.08611
1    4700  0.07782
1    4800  0.06184
1    4900  0.05365
1    5000  0.04276
1    5100  0.03706
1    5200  0.02885
1    5300  0.02247
1    5400  0.01813
1    5500  0.01238
1    5600  0.01209
1    5700  0.01055
1    5800  0.00853
1    5900  0.00812
1    6000  0.00717
1    6100  0.00681
1    6200  0.00445
1    6300  0.00382
1    6400  0.00207
1    6500  0.00249
1    6600  0.00184
1    6700  0.00167
1    6800  0.00163
1    6900  0.0015
1    7000  0.00078
1    7100  0.00085
1    7200  0.0006
1    7300  0.0004
1    7400  0.00053
1    7500  0.00063
1    7600  0.00033
1    7700  0.00021
1    7800  0.00034
1    7900  0.00024
1    8000  0.00034
1    8100  0.00022
1    8200  7e-05
1    8300  8e-05
1    8400  0.00011
1    8500  4e-05
1    8600  5e-05
1    8700  5e-05
1    8800  5e-05
1    8900  8e-05
1    9000  5e-05
1    9100  0
1    9200  6e-05
1    9300  4e-05
1    9400  5e-05
1    9500  7e-05
1    9600  2e-05
1    9700  0
2    1000  1
1    9800  0
1    9900  0
2    1100  1
2    1200  1
2    1300  1
2    1400  1
2    1500  1
2    1600  1
2    1700  1
2    1800  1
2    1900  1
2    2000  1
2    2100  1
2    2200  0.99993
2    2300  0.99948
2    2400  0.99594
2    2500  0.98181
2    2600  0.949
2    2700  0.8919
2    2800  0.80134
2    2900  0.68893
2    3000  0.57433
2    3100  0.47733
2    3200  0.38511
2    3300  0.31738
2    3400  0.2619
2    3500  0.20641
2    3600  0.16651
2    3700  0.13327
2    3800  0.10714
2    3900  0.08608
2    4000  0.06785
2    4100  0.05072
2    4200  0.04221
2    4300  0.03481
2    4400  0.02523
2    4500  0.02029
2    4600  0.01427
2    4700  0.01229
2    4800  0.0091
2    4900  0.00767
2    5000  0.00616
2    5100  0.00535
2    5200  0.00379
2    5300  0.00304
2    5400  0.00219
2    5500  0.00133
2    5600  0.00135
2    5700  0.00143
2    5800  0.0009
2    5900  0.00072
2    6000  0.00078
2    6100  0.00077
2    6200  0.00042
2    6300  0.00041
2    6400  0.00023
2    6500  0.00024
2    6600  0.00015
2    6700  0.00012
2    6800  0.00012
2    6900  0.0001
2    7000  3e-05
2    7100  2e-05
2    7200  8e-05
2    7300  0
2    7400  7e-05
2    7500  3e-05
2    7600  3e-05
2    7700  2e-05
2    7800  4e-05
2    7900  1e-05
2    8000  0
2    8100  2e-05
2    8200  1e-05
2    8300  2e-05
2    8400  0
2    8500  0
2    8600  1e-05
2    8700  0
2    8800  0
2    8900  0
2    9000  0
2    9100  0
2    9200  0
2    9300  0
2    9400  0
2    9500  0
2    9600  0
2    9700  0
3    1000  1
2    9800  0
2    9900  0
3    1100  1
3    1200  1
3    1300  1
3    1400  1
3    1500  1
3    1600  1
3    1700  1
3    1800  1
3    2000  0.99964
3    1900  1
3    2100  0.99615
3    2200  0.98053
3    2300  0.93842
3    2400  0.85195
3    2500  0.72939
3    2600  0.59869
3    2700  0.47461
3    2800  0.35666
3    2900  0.25946
3    3000  0.18982
3    3100  0.14192
3    3200  0.10446
3    3300  0.07999
3    3400  0.06281
3    3500  0.04582
3    3600  0.03441
3    3700  0.02667
3    3800  0.02
3    3900  0.01515
3    4000  0.01193
3    4100  0.00884
3    4200  0.00727
3    4300  0.00542
3    4400  0.00372
3    4500  0.00268
3    4600  0.00181
3    4700  0.00151
3    4800  0.00133
3    4900  0.00102
3    5000  0.00076
3    5100  0.00064
3    5200  0.00048
3    5300  0.00038
3    5400  0.0003
3    5500  0.00014
3    5600  0.00015
3    5700  0.00012
3    5800  0.00012
3    5900  0.0001
3    6000  4e-05
3    6100  7e-05
3    6200  1e-05
3    6300  2e-05
3    6400  0
3    6500  2e-05
3    6600  2e-05
3    6700  1e-05
3    6800  0
3    6900  0
3    7000  0
3    7100  0
3    7200  0
3    7300  0
3    7400  0
3    7500  0
3    7600  1e-05
3    7700  0
3    7800  1e-05
3    7900  0
3    8000  0
3    8100  0
3    8200  0
3    8300  0
3    8400  0
3    8500  0
3    8600  0
3    8700  0
3    8800  0
3    8900  0
3    9000  0
3    9100  0
3    9200  0
3    9300  0
3    9400  0
3    9500  0
3    9600  0
3    9700  0
4    1000  1
3    9800  0
4    1100  1
3    9900  0
4    1200  1
4    1300  1
4    1400  1
4    1500  1
4    1600  1
4    1700  0.99999
4    1800  0.99939
4    1900  0.98943
4    2000  0.95077
4    2100  0.86246
4    2200  0.73836
4    2300  0.59331
4    2400  0.43633
4    2500  0.3074
4    2600  0.21912
4    2700  0.14955
4    2900  0.06614
4    2800  0.0994
4    3000  0.04511
4    3100  0.03094
4    3200  0.02165
4    3300  0.01599
4    3400  0.01211
4    3500  0.0086
4    3600  0.00621
4    3700  0.00449
4    3900  0.00251
4    3800  0.00313
4    4100  0.00111
4    4000  0.00158
4    4200  0.00092
4    4400  0.00044
4    4300  0.00078
4    4500  0.00028
4    4600  0.00015
4    4700  0.0001
4    4900  8e-05
4    4800  0.00015
4    5000  2e-05
4    5100  8e-05
4    5200  5e-05
4    5300  3e-05
4    5400  1e-05
4    5500  0
4    5600  0
4    5700  0
4    5900  0
4    5800  0
4    6000  0
4    6100  2e-05
4    6200  0
4    6300  0
4    6400  0
4    6500  0
4    6600  0
4    6700  0
4    6800  0
4    6900  1e-05
4    7000  0
4    7100  0
4    7200  0
4    7300  0
4    7400  0
4    7500  0
4    7600  0
4    7700  0
4    7800  0
4    7900  0
4    8000  0
4    8100  0
4    8200  0
4    8300  0
4    8400  0
4    8500  0
4    8600  0
4    8700  0
4    8800  0
4    8900  0
4    9000  0
4    9100  0
4    9200  0
4    9300  0
4    9400  0
4    9500  0
4    9600  0
4    9700  0
5    1000  1
4    9800  0
4    9900  0
5    1100  1
5    1200  1
5    1300  1
5    1400  1
5    1500  1
5    1600  0.99987
5    1700  0.99414
5    1800  0.94567
5    1900  0.80545
5    2000  0.63487
5    2100  0.4736
5    2200  0.3356
5    2300  0.23496
5    2400  0.14718
5    2500  0.08983
5    2600  0.0589
5    2700  0.03874
5    2800  0.02258
5    2900  0.01338
5    3000  0.00871
5    3100  0.00553
5    3200  0.00399
5    3300  0.00257
5    3400  0.002
5    3500  0.00091
5    3600  0.00068
5    3700  0.00072
5    3800  0.00047
5    3900  0.00041
5    4000  0.00024
5    4100  8e-05
5    4200  0.00014
5    4300  8e-05
5    4400  6e-05
5    4500  3e-05
5    4600  2e-05
5    4700  6e-05
5    4800  1e-05
5    4900  1e-05
5    5000  1e-05
5    5100  0
5    5200  0
5    5300  0
5    5400  0
5    5500  0
5    5600  0
5    5700  0
5    5800  0
5    5900  0
5    6000  0
5    6100  0
5    6200  0
5    6300  0
5    6400  0
5    6500  0
5    6600  0
5    6700  0
5    6800  0
5    6900  0
5    7000  0
5    7100  0
5    7200  0
5    7300  0
5    7400  0
5    7500  0
5    7600  0
5    7700  0
5    7800  0
5    7900  0
5    8000  0
5    8100  0
5    8200  0
5    8300  0
5    8400  0
5    8500  0
5    8600  0
5    8700  0
5    8800  0
5    8900  0
5    9000  0
5    9100  0
5    9200  0
5    9300  0
5    9400  0
5    9500  0
5    9600  0
5    9700  0
6    1000  1
5    9800  0
5    9900  0
6    1100  1
6    1200  1
6    1300  1
6    1400  1
6    1500  0.99924
6    1600  0.98005
6    1700  0.8745
6    1800  0.64744
6    1900  0.40708
6    2000  0.26884
6    2100  0.17291
6    2200  0.10891
6    2300  0.07016
6    2400  0.04053
6    2500  0.02261
6    2700  0.00807
6    2600  0.01409
6    2800  0.00445
6    2900  0.0028
6    3000  0.00144
6    3200  0.00053
6    3100  0.00083
6    3300  0.00045
6    3400  0.00023
6    3500  0.00015
6    3600  0.0001
6    3700  8e-05
6    3800  5e-05
6    3900  3e-05
6    4000  3e-05
6    4100  3e-05
6    4200  3e-05
6    4300  0
6    4400  1e-05
6    4500  0
6    4600  0
6    4700  0
6    4800  0
6    4900  0
6    5000  0
6    5100  0
6    5200  0
6    5300  0
6    5400  0
6    5500  0
6    5600  0
6    5700  0
6    5800  0
6    5900  0
6    6000  0
6    6100  0
6    6200  0
6    6300  0
6    6400  0
6    6500  0
6    6600  0
6    6700  0
6    6800  0
6    6900  0
6    7000  0
6    7100  0
6    7200  0
6    7300  0
6    7400  0
6    7500  0
6    7600  0
6    7700  0
6    7800  0
6    7900  0
6    8000  0
6    8100  0
6    8200  0
6    8300  0
6    8400  0
6    8500  0
6    8600  0
6    8700  0
6    8800  0
6    8900  0
6    9000  0
6    9100  0
6    9200  0
6    9300  0
6    9400  0
6    9500  0
6    9600  0
6    9700  0
7    1000  1
6    9800  0
6    9900  0
7    1100  1
7    1200  1
7    1300  0.99999
7    1400  0.99738
7    1500  0.95692
7    1600  0.79528
7    1700  0.54543
7    1900  0.14423
7    1800  0.29045
7    2000  0.08824
7    2100  0.05161
7    2200  0.0312
7    2400  0.0108
7    2300  0.01972
7    2500  0.00524
7    2600  0.00293
7    2700  0.0019
7    2800  0.00068
7    2900  0.00037
7    3000  0.00035
7    3100  0.00012
7    3200  2e-05
7    3300  0.0001
7    3400  3e-05
7    3500  2e-05
7    3600  2e-05
7    3700  0
7    3900  0
7    3800  0
7    4000  0
7    4100  0
7    4200  0
7    4400  0
7    4300  0
7    4500  0
7    4600  0
7    4700  0
7    4900  0
7    4800  0
7    5000  1e-05
7    5100  0
7    5200  0
7    5300  0
7    5400  0
7    5500  0
7    5600  0
7    5700  0
7    5800  0
7    5900  0
7    6000  0
7    6100  0
7    6200  0
7    6300  0
7    6400  0
7    6500  0
7    6600  0
7    6700  0
7    6800  0
7    6900  0
7    7000  0
7    7100  0
7    7200  0
7    7300  0
7    7400  0
7    7500  0
7    7600  0
7    7700  0
7    7800  0
7    7900  0
7    8000  0
7    8100  0
7    8200  0
7    8300  0
7    8400  0
7    8500  0
7    8600  0
7    8700  0
7    8800  0
7    8900  0
7    9000  0
7    9100  0
7    9200  0
7    9300  0
7    9400  0
7    9500  0
8    1000  1
7    9600  0
7    9700  0
7    9800  0
7    9900  0
8    1100  1
8    1200  1
8    1300  0.99837
8    1400  0.92868
8    1500  0.72318
8    1600  0.46531
8    1700  0.25597
8    1800  0.10702
8    1900  0.04385
8    2000  0.02691
8    2100  0.01554
8    2200  0.00836
8    2300  0.00501
8    2400  0.00264
8    2500  0.00111
8    2600  0.0006
8    2700  0.00039
8    2800  0.00016
8    2900  0.00013
8    3000  8e-05
8    3100  1e-05
8    3300  2e-05
8    3200  0
8    3400  0
8    3500  0
8    3600  0
8    3700  0
8    3800  1e-05
8    3900  0
8    4000  0
8    4100  0
8    4200  0
8    4300  0
8    4400  0
8    4500  0
8    4600  0
8    4700  0
8    4800  0
8    4900  0
8    5000  0
8    5100  0
8    5200  0
8    5300  0
8    5400  0
8    5500  0
8    5600  0
8    5700  0
8    5800  0
8    5900  0
8    6000  0
8    6100  0
8    6200  0
8    6300  0
8    6400  0
8    6500  0
8    6600  0
8    6700  0
8    6800  0
8    6900  0
8    7000  0
8    7100  0
8    7200  0
8    7300  0
8    7400  0
8    7500  0
8    7600  0
8    7700  0
8    7800  0
8    7900  0
8    8000  0
8    8100  0
8    8200  0
8    8300  0
8    8400  0
8    8500  0
8    8600  0
8    8800  0
8    8700  0
8    8900  0
8    9000  0
8    9100  0
8    9200  0
8    9300  0
8    9400  0
8    9500  0
8    9600  0
9    1000  1
8    9700  0
8    9800  0
8    9900  0
9    1200  0.99986
9    1300  0.94918
9    1100  1
9    1400  0.66514
9    1500  0.39959
9    1600  0.21883
9    1700  0.10864
9    1900  0.01291
9    1800  0.03506
9    2000  0.00782
9    2100  0.00436
9    2200  0.00213
9    2300  0.00127
9    2400  0.0007
9    2500  0.00019
9    2600  0.00018
9    2700  8e-05
9    2800  1e-05
9    2900  3e-05
9    3000  0
9    3100  0
9    3400  0
9    3200  1e-05
9    3300  1e-05
9    3500  0
9    3600  0
9    3800  0
9    3700  0
9    3900  0
9    4000  0
9    4100  0
9    4300  0
9    4200  0
9    4400  0
9    4500  0
9    4600  0
9    4700  0
9    4800  0
9    4900  0
9    5000  0
9    5100  0
9    5200  0
9    5300  0
9    5400  0
9    5500  0
9    5600  0
9    5700  0
9    5800  0
9    5900  0
9    6000  0
9    6100  0
9    6200  0
9    6300  0
9    6400  0
9    6500  0
9    6600  0
9    6700  0
9    6800  0
9    6900  0
9    7000  0
9    7100  0
9    7200  0
9    7400  0
9    7300  0
9    7500  0
9    7600  0
9    7700  0
9    7800  0
9    7900  0
9    8000  0
9    8100  0
9    8200  0
9    8300  0
9    8400  0
9    8500  0
9    8600  0
9    8700  0
9    8800  0
9    8900  0
9    9000  0
9    9100  0
9    9200  0
9    9300  0
9    9400  0
9    9500  0
9    9600  0
10    1000  1
9    9700  0
9    9800  0
9    9900  0
10    1100  1
10    1200  0.99112
10    1300  0.73376
10    1400  0.35395
10    1500  0.18361
10    1600  0.09297
10    1700  0.04411
10    1800  0.01045
10    1900  0.0035
10    2000  0.00219
10    2100  0.0011
10    2200  0.00046
10    2300  0.00022
10    2400  0.00016
10    2500  5e-05
10    2600  2e-05
10    2700  3e-05
10    2800  0
10    2900  1e-05
10    3000  0
10    3100  0
10    3200  0
10    3300  0
10    3400  0
10    3500  0
10    3600  0
10    3700  0
10    3800  0
10    3900  0
10    4000  0
10    4100  0
10    4200  0
10    4300  0
10    4400  0
10    4500  0
10    4600  0
10    4700  0
10    4800  0
10    4900  0
10    5000  0
10    5100  0
10    5200  0
10    5300  0
10    5400  0
10    5500  0
10    5600  0
10    5700  0
10    5800  0
10    5900  0
10    6000  0
10    6100  0
10    6200  0
10    6300  0
10    6400  0
10    6500  0
10    6600  0
10    6700  0
10    6800  0
10    6900  0
10    7000  0
10    7100  0
10    7200  0
10    7300  0
10    7400  0
10    7500  0
10    7600  0
10    7700  0
10    7800  0
10    7900  0
10    8000  0
10    8100  0
10    8200  0
10    8300  0
10    8400  0
10    8500  0
10    8600  0
10    8700  0
10    8800  0
10    8900  0
10    9000  0
10    9100  0
10    9200  0
10    9300  0
10    9400  0
10    9500  0
10    9600  0
10    9700  0
11    1000  1
10    9800  0
10    9900  0
11    1200  0.89934
11    1300  0.43604
11    1100  0.99997
11    1400  0.15901
11    1500  0.07821
11    1600  0.03858
11    1700  0.01917
11    1800  0.00377
11    1900  0.00092
11    2000  0.00066
11    2100  0.00033
11    2200  0.00012
11    2300  7e-05
11    2400  5e-05
11    2500  0
11    2600  0
11    2700  0
11    2800  0
11    2900  0
11    3000  0
11    3100  0
11    3200  0
11    3300  0
11    3400  0
11    3500  0
11    3600  0
11    3800  0
11    3700  0
11    3900  0
11    4000  0
11    4100  0
11    4200  0
11    4300  0
11    4400  0
11    4500  0
11    4600  0
11    4700  0
11    4800  0
11    4900  0
11    5000  0
11    5100  0
11    5200  0
11    5300  0
11    5400  0
11    5500  0
11    5600  0
11    5700  0
11    5800  0
11    5900  0
11    6000  0
11    6100  0
11    6200  0
11    6300  0
11    6400  0
11    6500  0
11    6600  0
11    6700  0
11    6800  0
11    6900  0
11    7000  0
11    7100  0
11    7200  0
11    7300  0
11    7400  0
11    7500  0
11    7600  0
11    7700  0
11    7800  0
11    7900  0
11    8000  0
11    8100  0
11    8200  0
11    8300  0
11    8400  0
11    8500  0
11    8600  0
11    8700  0
11    8800  0
11    8900  0
11    9000  0
11    9200  0
11    9100  0
11    9300  0
11    9400  0
11    9500  0
11    9700  0
11    9600  0
12    1000  1
11    9800  0
11    9900  0
12    1200  0.66149
12    1100  0.9958
12    1300  0.21629
12    1400  0.06589
12    1500  0.03229
12    1600  0.01637
12    1700  0.00895
12    1800  0.00118
12    1900  0.0002
12    2000  0.00026
12    2100  7e-05
12    2200  9e-05
12    2300  0
12    2400  0
12    2500  0
12    2600  1e-05
12    2700  0
12    2800  0
12    2900  0
12    3000  0
12    3100  0
12    3200  0
12    3300  0
12    3400  0
12    3500  0
12    3600  0
12    3700  0
12    3800  0
12    3900  0
12    4000  0
12    4100  0
12    4200  0
12    4300  0
12    4400  0
12    4500  0
12    4600  0
12    4700  0
12    4800  0
12    4900  0
12    5000  0
12    5100  0
12    5200  0
12    5300  0
12    5400  0
12    5500  0
12    5600  0
12    5700  0
12    5800  0
12    5900  0
12    6000  0
12    6100  0
12    6200  0
12    6300  0
12    6400  0
12    6500  0
12    6600  0
12    6700  0
12    6800  0
12    6900  0
12    7000  0
12    7100  0
12    7200  0
12    7300  0
12    7400  0
12    7500  0
12    7600  0
12    7700  0
12    7800  0
12    7900  0
12    8000  0
12    8100  0
12    8200  0
12    8300  0
12    8400  0
12    8500  0
12    8600  0
12    8700  0
12    8800  0
12    8900  0
12    9000  0
12    9100  0
12    9200  0
12    9300  0
12    9400  0
12    9500  0
12    9600  0
13    1000  1
12    9700  0
12    9800  0
12    9900  0
13    1100  0.9472
13    1200  0.39743
13    1300  0.10262
13    1400  0.02729
13    1500  0.01408
13    1600  0.00717
13    1700  0.00392
13    1800  0.00035
13    1900  9e-05
13    2000  0.0001
13    2100  3e-05
13    2200  1e-05
13    2300  2e-05
13    2400  0
13    2500  0
13    2600  0
13    2700  0
13    2800  0
13    2900  0
13    3000  0
13    3100  0
13    3200  0
13    3300  0
13    3400  0
13    3500  0
13    3600  0
13    3700  0
13    3800  0
13    3900  0
13    4000  0
13    4100  0
13    4200  0
13    4300  0
13    4400  0
13    4500  0
13    4600  0
13    4700  0
13    4800  0
13    4900  0
13    5000  0
13    5100  0
13    5200  0
13    5300  0
13    5400  0
13    5500  0
13    5600  0
13    5700  0
13    5800  0
13    5900  0
13    6000  0
13    6100  0
13    6200  0
13    6300  0
13    6400  0
13    6500  0
13    6600  0
13    6700  0
13    6800  0
13    6900  0
13    7000  0
13    7100  0
13    7200  0
13    7300  0
13    7400  0
13    7500  0
13    7600  0
13    7700  0
13    7800  0
13    7900  0
13    8000  0
13    8100  0
13    8200  0
13    8300  0
13    8400  0
13    8500  0
13    8600  0
13    8700  0
13    8800  0
13    8900  0
13    9000  0
13    9100  0
13    9200  0
13    9300  0
13    9400  0
13    9500  0
13    9600  0
13    9700  0
13    9800  0
14    1000  1
13    9900  0
14    1100  0.78853
14    1200  0.21248
14    1300  0.04581
14    1400  0.01148
14    1500  0.00554
14    1600  0.00348
14    1700  0.00191
14    1800  0.00011
14    1900  1e-05
14    2000  1e-05
14    2100  0
14    2200  1e-05
14    2300  1e-05
14    2400  0
14    2500  0
14    2600  0
14    2700  0
14    2800  0
14    2900  0
14    3000  0
14    3100  0
14    3200  0
14    3300  0
14    3400  0
14    3500  0
14    3600  0
14    3700  0
14    3800  0
14    3900  0
14    4000  0
14    4100  0
14    4200  0
14    4400  0
14    4300  0
14    4500  0
14    4600  0
14    4700  0
14    4800  0
14    4900  0
14    5000  0
14    5100  0
14    5200  0
14    5300  0
14    5400  0
14    5500  0
14    5600  0
14    5700  0
14    5800  0
14    5900  0
14    6000  0
14    6100  0
14    6200  0
14    6300  0
14    6400  0
14    6500  0
14    6600  0
14    6700  0
14    6800  0
14    6900  0
14    7000  0
14    7100  0
14    7200  0
14    7300  0
14    7400  0
14    7500  0
14    7600  0
14    7700  0
14    7800  0
14    7900  0
14    8000  0
14    8100  0
14    8200  0
14    8300  0
14    8400  0
14    8500  0
14    8600  0
14    8700  0
14    8800  0
14    8900  0
14    9000  0
14    9100  0
14    9200  0
14    9300  0
14    9400  0
14    9500  0
14    9600  0
15    1000  1
14    9700  0
14    9800  0
14    9900  0
15    1100  0.55381
15    1200  0.10982
15    1300  0.02098
15    1400  0.00431
15    1500  0.00251
15    1600  0.00143
15    1700  0.00093
15    1800  0
15    1900  1e-05
15    2000  0
15    2100  0
15    2200  0
15    2300  0
15    2400  0
15    2500  0
15    2600  0
15    2700  0
15    2800  0
15    2900  0
15    3000  0
15    3100  0
15    3200  0
15    3300  0
15    3400  0
15    3500  0
15    3600  0
15    3700  0
15    3800  0
15    3900  0
15    4000  0
15    4100  0
15    4200  0
15    4300  0
15    4400  0
15    4500  0
15    4600  0
15    4700  0
15    4800  0
15    4900  0
15    5000  0
15    5100  0
15    5200  0
15    5300  0
15    5400  0
15    5500  0
15    5600  0
15    5700  0
15    5800  0
15    5900  0
15    6000  0
15    6100  0
15    6200  0
15    6300  0
15    6400  0
15    6500  0
15    6600  0
15    6700  0
15    6800  0
15    6900  0
15    7000  0
15    7100  0
15    7200  0
15    7300  0
15    7400  0
15    7500  0
15    7600  0
15    7700  0
15    7800  0
15    7900  0
15    8000  0
15    8100  0
15    8200  0
15    8300  0
15    8400  0
15    8500  0
15    8600  0
15    8700  0
15    8800  0
15    8900  0
15    9000  0
15    9100  0
15    9200  0
15    9300  0
15    9400  0
15    9500  0
15    9600  0
15    9700  0
15    9800  0
16    1000  1
16    1100  0.34383
15    9900  0
16    1200  0.0543
16    1300  0.00993
16    1400  0.00196
16    1500  0.00094
16    1600  0.00063
16    1700  0.00043
16    1800  2e-05
16    1900  0
16    2000  0
16    2100  0
16    2200  0
16    2300  0
16    2400  0
16    2500  0
16    2600  0
16    2700  0
16    2800  0
16    2900  0
16    3000  0
16    3100  0
16    3200  0
16    3300  0
16    3400  0
16    3500  0
16    3600  0
16    3700  0
16    3800  0
16    3900  0
16    4000  0
16    4100  0
16    4200  0
16    4400  0
16    4300  0
16    4500  0
16    4600  0
16    4700  0
16    4800  0
16    4900  0
16    5000  0
16    5100  0
16    5200  0
16    5300  0
16    5400  0
16    5500  0
16    5600  0
16    5700  0
16    5800  0
16    5900  0
16    6000  0
16    6100  0
16    6200  0
16    6300  0
16    6400  0
16    6500  0
16    6600  0
16    6700  0
16    6800  0
16    6900  0
16    7000  0
16    7100  0
16    7200  0
16    7300  0
16    7400  0
16    7500  0
16    7600  0
16    7700  0
16    7800  0
16    7900  0
16    8000  0
16    8100  0
16    8200  0
16    8300  0
16    8400  0
16    8500  0
16    8600  0
16    8700  0
16    8800  0
16    8900  0
16    9000  0
16    9100  0
16    9200  0
16    9300  0
16    9400  0
16    9500  0
16    9600  0
16    9700  0
17    1000  0.99996
16    9800  0
16    9900  0
17    1200  0.02851
17    1100  0.20323
17    1300  0.00481
17    1400  0.00091
17    1500  0.00056
17    1600  0.00031
17    1700  0.0002
17    1800  1e-05
17    1900  0
17    2000  0
17    2100  0
17    2200  0
17    2300  0
17    2400  0
17    2500  0
17    2600  0
17    2700  0
17    2800  0
17    2900  0
17    3000  0
17    3100  0
17    3200  0
17    3300  0
17    3400  0
17    3500  0
17    3600  0
17    3700  0
17    3800  0
17    3900  0
17    4000  0
17    4100  0
17    4200  0
17    4300  0
17    4400  0
17    4500  0
17    4600  0
17    4700  0
17    4800  0
17    4900  0
17    5000  0
17    5100  0
17    5200  0
17    5300  0
17    5400  0
17    5500  0
17    5600  0
17    5700  0
17    5800  0
17    5900  0
17    6000  0
17    6100  0
17    6200  0
17    6300  0
17    6400  0
17    6500  0
17    6600  0
17    6700  0
17    6800  0
17    6900  0
17    7000  0
17    7100  0
17    7200  0
17    7300  0
17    7400  0
17    7500  0
17    7600  0
17    7700  0
17    7800  0
17    7900  0
17    8000  0
17    8100  0
17    8200  0
17    8300  0
17    8400  0
17    8500  0
17    8600  0
17    8700  0
17    8800  0
17    8900  0
17    9000  0
17    9100  0
17    9200  0
17    9300  0
17    9400  0
17    9500  0
17    9600  0
17    9700  0
17    9800  0
17    9900  0
