Point0=
[-54.0192 -148.543 -632.447]
Point1=
[-57.4212 -150.372 -631.714]
Point2=
[-60.8939 -152.127 -630.968]
Point3=
[-64.4357 -153.805 -630.209]
Point4=
[-68.0451 -155.406 -629.437]
Point5=
[-71.7202 -156.926 -628.651]
Point6=
[-75.4594 -158.364 -627.852]
Point7=
[-79.2609 -159.719 -627.04]
Point8=
[-83.123 -160.989 -626.215]
Point9=
[-87.0437 -162.172 -625.376]
Point10=
[-91.0212 -163.267 -624.524]
Point11=
[-95.0536 -164.272 -623.66]
Point12=
[-99.139 -165.187 -622.781]
Point13=
[-103.275 -166.008 -621.89]
Point14=
[-107.461 -166.735 -620.986]
Point15=
[-111.693 -167.367 -620.068]
Point16=
[-115.97 -167.902 -619.138]
Point17=
[-120.289 -168.339 -618.194]
Point18=
[-124.649 -168.677 -617.238]
Point19=
[-129.048 -168.914 -616.268]
Point20=
[-133.483 -169.05 -615.286]
Point21=
[-137.952 -169.083 -614.29]
Point22=
[-142.452 -169.012 -613.282]
Point23=
[-146.982 -168.836 -612.26]
Point24=
[-151.539 -168.555 -611.226]
Point25=
[-158.658 -169.576 -609.133]
Point26=
[-165.862 -170.365 -606.99]
Point27=
[-173.145 -170.919 -604.797]
Point28=
[-180.499 -171.236 -602.553]
Point29=
[-187.917 -171.312 -600.259]
Point30=
[-195.391 -171.146 -597.916]
Point31=
[-202.915 -170.736 -595.522]
Point32=
[-210.481 -170.079 -593.079]
Point33=
[-218.081 -169.173 -590.587]
Point34=
[-225.709 -168.018 -588.045]
Point35=
[-233.355 -166.612 -585.455]
Point36=
[-241.014 -164.954 -582.816]
Point37=
[-248.676 -163.042 -580.129]
Point38=
[-256.335 -160.877 -577.393]
Point39=
[-263.983 -158.459 -574.609]
Point40=
[-271.612 -155.786 -571.778]
Point41=
[-279.214 -152.859 -568.898]
Point42=
[-286.782 -149.678 -565.972]
Point43=
[-294.308 -146.244 -562.999]
Point44=
[-301.784 -142.558 -559.978]
Point45=
[-309.202 -138.62 -556.912]
Point46=
[-316.555 -134.432 -553.798]
Point47=
[-323.836 -129.995 -550.639]
Point48=
[-331.036 -125.311 -547.434]
Point49=
[-338.148 -120.382 -544.184]
Point50=
[-344.685 -118.124 -540.565]
Point51=
[-351.181 -115.716 -536.893]
Point52=
[-357.631 -113.159 -533.167]
Point53=
[-364.034 -110.455 -529.387]
Point54=
[-370.386 -107.604 -525.554]
Point55=
[-376.684 -104.607 -521.669]
Point56=
[-382.923 -101.466 -517.732]
Point57=
[-389.103 -98.1819 -513.742]
Point58=
[-395.218 -94.7559 -509.702]
Point59=
[-401.266 -91.1894 -505.61]
Point0_imp=
[[0 0 0 0 0 0 0 0]
 [0 0 0 0 0 0 0 0]
 [0 0 0 0 0 0 0 0]
 [0 0 0 0 0 0 0 0]
 [0 0.260232 0.630865 0.197145 0 0 0 0]
 [1.34059 2.08974 2.10551 2.0582 1.20653 0.43372 0.14983 0.481035]
 [1.29327 1.28539 1.28539 1.30116 1.28539 1.29327 1.24596 1.29327]
 [0.48892 0.449491 0.496806 0.481035 0.473149 0.465263 0.425834 0.473149]]
Point1_imp=
[[0 0 0 0 0 0 0 0]
 [0 0 0 0 0 0 0 0]
 [0 0 0 0 0 0 0 0]
 [0 0 0 0 0 0 0 0]
 [0 0.260232 0.670294 0.220803 0 0 0 0]
 [1.31693 2.08185 2.10551 2.0582 1.23019 0.417948 0.134059 0.457377]
 [1.29327 1.28539 1.28539 1.30116 1.28539 1.29327 1.24596 1.29327]
 [0.48892 0.449491 0.496806 0.481035 0.473149 0.465263 0.425834 0.473149]]
Point2_imp=
[[0 0 0 0 0 0 0 0]
 [0 0 0 0 0 0 0 0]
 [0 0 0 0 0 0 0 0]
 [0 0 0 0 0 0 0 0]
 [0 0.260232 0.701837 0.24446 0 0 0 0]
 [1.28539 2.08185 2.10551 2.07397 1.24596 0.410062 0.134059 0.441606]
 [1.29327 1.28539 1.28539 1.30116 1.28539 1.29327 1.24596 1.29327]
 [0.48892 0.449491 0.496806 0.481035 0.473149 0.465263 0.425834 0.473149]]
Point3_imp=
[[0 0 0 0 0 0 0 0]
 [0 0 0 0 0 0 0 0]
 [0 0 0 0 0 0 0 0]
 [0 0 0 0 0 0 0 0]
 [0 0.260232 0.725495 0.268118 0 0 0 0]
 [1.26173 2.08185 2.10551 2.08185 1.26173 0.402176 0.134059 0.402176]
 [1.29327 1.28539 1.28539 1.30116 1.28539 1.29327 1.24596 1.29327]
 [0.48892 0.449491 0.496806 0.481035 0.473149 0.465263 0.425834 0.473149]]
Point4_imp=
[[0 0 0 0 0 0 0 0]
 [0 0 0 0 0 0 0 0]
 [0 0 0 0 0 0 0 0]
 [0 0 0 0 0 0 0 0]
 [0 0.268118 0.741266 0.291775 0 0 0 0]
 [1.24596 2.07397 2.10551 2.08185 1.28539 0.402176 0.0946298 0.370633]
 [1.29327 1.28539 1.28539 1.30116 1.28539 1.29327 1.24596 1.29327]
 [0.48892 0.449491 0.496806 0.481035 0.473149 0.465263 0.425834 0.473149]]
Point5_imp=
[[0 0 0 0 0 0 0 0]
 [0 0 0 0 0 0 0 0]
 [0 0 0 0 0 0 0 0]
 [0 0 0 0 0 0 0 0]
 [0 0.276003 0.741266 0.323318 0 0 0 0]
 [1.21442 2.06608 2.10551 2.08974 1.31693 0.402176 0.0552007 0.346976]
 [1.29327 1.28539 1.28539 1.30116 1.28539 1.29327 1.24596 1.29327]
 [0.48892 0.449491 0.496806 0.481035 0.473149 0.465263 0.425834 0.473149]]
Point6_imp=
[[0 0 0 0 0 0 0 0]
 [0 0 0 0 0 0 0 0]
 [0 0 0 0 0 0 0 0]
 [0 0 0 0 0 0 0 0]
 [0 0.260232 0.757038 0.354862 0 0 0 0]
 [1.19076 2.06608 2.10551 2.09763 1.32482 0.386405 0.0157716 0.315433]
 [1.29327 1.28539 1.28539 1.30116 1.28539 1.29327 1.24596 1.29327]
 [0.48892 0.449491 0.496806 0.481035 0.473149 0.465263 0.425834 0.473149]]
Point7_imp=
[[0 0 0 0 0 0 0 0]
 [0 0 0 0 0 0 0 0]
 [0 0 0 0 0 0 0 0]
 [0 0 0 0 0 0 0 0]
 [0 0.260232 0.82801 0.394291 0 0 0 0]
 [1.1671 2.0582 2.10551 2.09763 1.34847 0.386405 0.00788581 0.291775]
 [1.29327 1.28539 1.28539 1.30116 1.28539 1.29327 1.24596 1.29327]
 [0.48892 0.449491 0.496806 0.481035 0.473149 0.465263 0.425834 0.473149]]
Point8_imp=
[[0 0 0 0 0 0 0 0]
 [0 0 0 0 0 0 0 0]
 [0 0 0 0 0 0 0 0]
 [0 0 0 0 0 0 0 0]
 [0 0.268118 0.867439 0.417948 0 0 0 0]
 [1.11979 2.0582 2.10551 2.10551 1.37213 0.386405 0.00788581 0.252346]
 [1.29327 1.28539 1.28539 1.30116 1.28539 1.29327 1.24596 1.29327]
 [0.48892 0.449491 0.496806 0.481035 0.473149 0.465263 0.425834 0.473149]]
Point9_imp=
[[0 0 0 0 0 0 0 0]
 [0 0 0 0 0 0 0 0]
 [0 0 0 0 0 0 0 0]
 [0 0 0 0 0 0 0 0]
 [0 0.268118 0.891097 0.449491 0 0 0 0]
 [1.11979 2.05031 2.10551 2.10551 1.40367 0.386405 0 0.228689]
 [1.29327 1.28539 1.28539 1.30116 1.28539 1.29327 1.24596 1.29327]
 [0.48892 0.449491 0.496806 0.481035 0.473149 0.465263 0.425834 0.473149]]
Point10_imp=
[[0 0 0 0 0 0 0 0]
 [0 0 0 0 0 0 0 0]
 [0 0 0 0 0 0 0 0]
 [0 0 0 0 0 0 0 0]
 [0 0.268118 0.891097 0.496806 0 0 0 0]
 [1.06458 2.04243 2.10551 2.10551 1.41156 0.386405 0 0.197145]
 [1.29327 1.28539 1.28539 1.30116 1.28539 1.29327 1.24596 1.29327]
 [0.48892 0.449491 0.496806 0.481035 0.473149 0.465263 0.425834 0.473149]]
Point11_imp=
[[0 0 0 0 0 0 0 0]
 [0 0 0 0 0 0 0 0]
 [0 0 0 0 0 0 0 0]
 [0 0 0 0 0 0 0 0]
 [0 0.260232 0.898983 0.520464 0 0 0 0]
 [1.04093 2.04243 2.10551 2.10551 1.45888 0.386405 0 0.173488]
 [1.29327 1.28539 1.28539 1.30116 1.28539 1.29327 1.19864 1.29327]
 [0.48892 0.449491 0.496806 0.481035 0.473149 0.465263 0.425834 0.473149]]
Point12_imp=
[[0 0 0 0 0 0 0 0]
 [0 0 0 0 0 0 0 0]
 [0 0 0 0 0 0 0 0]
 [0 0 0 0 0 0 0 0]
 [0 0.260232 0.906869 0.575664 0 0 0 0]
 [1.00938 2.01877 2.10551 2.10551 1.47465 0.386405 0 0.141945]
 [1.29327 1.28539 1.28539 1.30116 1.28539 1.29327 1.15921 1.29327]
 [0.48892 0.449491 0.496806 0.481035 0.473149 0.465263 0.425834 0.473149]]
Point13_imp=
[[0 0 0 0 0 0 0 0]
 [0 0 0 0 0 0 0 0]
 [0 0 0 0 0 0 0 0]
 [0 0 0 0 0 0 0 0]
 [0 0.268118 0.946298 0.615093 0 0 0 0]
 [0.977841 2.01877 2.10551 2.10551 1.49042 0.394291 0 0.126173]
 [1.29327 1.28539 1.28539 1.30116 1.28539 1.29327 1.15133 1.28539]
 [0.48892 0.449491 0.496806 0.481035 0.473149 0.465263 0.425834 0.473149]]
Point14_imp=
[[0 0 0 0 0 0 0 0]
 [0 0 0 0 0 0 0 0]
 [0 0 0 0 0 0 0 0]
 [0 0 0 0 0 0 0 0]
 [0 0.260232 0.993612 0.646637 0 0 0 0]
 [0.954183 2.01877 2.10551 2.10551 1.52985 0.394291 0 0.102516]
 [1.29327 1.28539 1.28539 1.30116 1.28539 1.29327 1.14344 1.26962]
 [0.48892 0.449491 0.496806 0.481035 0.473149 0.465263 0.425834 0.473149]]
Point15_imp=
[[0 0 0 0 0 0 0 0]
 [0 0 0 0 0 0 0 0]
 [0 0 0 0 0 0 0 0]
 [0 0 0 0 0 0 0 0]
 [0 0.252346 1.01727 0.693952 0.00788581 0 0 0]
 [0.914754 1.99511 2.10551 2.10551 1.54562 0.394291 0 0.0788581]
 [1.29327 1.28539 1.28539 1.30116 1.28539 1.29327 1.13556 1.26173]
 [0.48892 0.449491 0.496806 0.481035 0.473149 0.465263 0.425834 0.473149]]
Point16_imp=
[[0 0 0 0 0 0 0 0]
 [0 0 0 0 0 0 0 0]
 [0 0 0 0 0 0 0 0]
 [0 0 0 0 0 0 0 0]
 [0 0.24446 1.02516 0.733381 0.0157716 0 0 0]
 [0.867439 1.99511 2.10551 2.10551 1.56139 0.394291 0 0.0788581]
 [1.29327 1.28539 1.28539 1.30116 1.28539 1.29327 1.13556 1.24596]
 [0.48892 0.449491 0.496806 0.481035 0.473149 0.465263 0.425834 0.473149]]
Point17_imp=
[[0 0 0 0 0 0 0 0]
 [0 0 0 0 0 0 0 0]
 [0 0 0 0 0 0 0 0]
 [0 0 0 0 0 0 0 0]
 [0 0.24446 1.03304 0.780696 0.0157716 0 0 0]
 [0.851668 1.98722 2.10551 2.10551 1.60082 0.394291 0 0.0630865]
 [1.29327 1.28539 1.28539 1.30116 1.28539 1.29327 1.12767 1.23807]
 [0.48892 0.449491 0.496806 0.481035 0.473149 0.465263 0.425834 0.473149]]
Point18_imp=
[[0 0 0 0 0 0 0 0]
 [0 0 0 0 0 0 0 0]
 [0 0 0 0 0 0 0 0]
 [0 0 0 0 0 0 0 0]
 [0 0.220803 1.03304 0.812239 0.0236574 0 0 0]
 [0.812239 1.97145 2.10551 2.10551 1.61659 0.394291 0 0.0473149]
 [1.29327 1.28539 1.28539 1.30116 1.28539 1.29327 1.08036 1.23019]
 [0.48892 0.449491 0.496806 0.481035 0.473149 0.465263 0.425834 0.473149]]
Point19_imp=
[[0 0 0 0 0 0 0 0]
 [0 0 0 0 0 0 0 0]
 [0 0 0 0 0 0 0 0]
 [0 0 0 0 0 0 0 0]
 [0 0.220803 1.04093 0.851668 0.0315433 0 0 0]
 [0.77281 1.95568 2.10551 2.10551 1.64814 0.394291 0 0.0315433]
 [1.29327 1.28539 1.28539 1.30116 1.28539 1.29327 1.06458 1.20653]
 [0.48892 0.449491 0.496806 0.481035 0.473149 0.465263 0.425834 0.473149]]
Point20_imp=
[[0 0 0 0 0 0 0 0]
 [0 0 0 0 0 0 0 0]
 [0 0 0 0 0 0 0 0]
 [0 0 0 0 0 0 0 0]
 [0 0.220803 1.08824 0.875325 0.0394291 0 0 0]
 [0.749152 1.9478 2.10551 2.10551 1.66391 0.417948 0 0.0236574]
 [1.29327 1.28539 1.28539 1.30116 1.28539 1.29327 1.04881 1.18287]
 [0.48892 0.449491 0.496806 0.481035 0.473149 0.465263 0.425834 0.473149]]
Point21_imp=
[[0 0 0 0 0 0 0 0]
 [0 0 0 0 0 0 0 0]
 [0 0 0 0 0 0 0 0]
 [0 0 0 0 0 0 0 0]
 [0 0.220803 1.11979 0.930526 0.0552007 0 0 0]
 [0.709723 1.93202 2.10551 2.10551 1.68756 0.417948 0 0.0157716]
 [1.29327 1.28539 1.28539 1.30116 1.28539 1.29327 1.04093 1.15921]
 [0.48892 0.449491 0.496806 0.481035 0.473149 0.465263 0.425834 0.473149]]
Point22_imp=
[[0 0 0 0 0 0 0 0]
 [0 0 0 0 0 0 0 0]
 [0 0 0 0 0 0 0 0]
 [0 0 0 0 0 0 0 0]
 [0 0.197145 1.12767 0.977841 0.0709723 0 0 0]
 [0.662408 1.92414 2.10551 2.10551 1.70334 0.43372 0 0.00788581]
 [1.29327 1.28539 1.28539 1.30116 1.28539 1.29327 1.04093 1.14344]
 [0.48892 0.449491 0.496806 0.481035 0.473149 0.465263 0.425834 0.473149]]
Point23_imp=
[[0 0 0 0 0 0 0 0]
 [0 0 0 0 0 0 0 0]
 [0 0 0 0 0 0 0 0]
 [0 0 0 0 0 0 0 0]
 [0 0.197145 1.13556 1.02516 0.0788581 0 0 0]
 [0.638751 1.90837 2.10551 2.10551 1.72699 0.43372 0 0.00788581]
 [1.29327 1.28539 1.28539 1.30116 1.28539 1.29327 1.03304 1.12767]
 [0.48892 0.449491 0.496806 0.481035 0.473149 0.465263 0.425834 0.473149]]
Point24_imp=
[[0 0 0 0 0 0 0 0]
 [0 0 0 0 0 0 0 0]
 [0 0 0 0 0 0 0 0]
 [0 0 0 0 0 0 0 0]
 [0 0.197145 1.13556 1.06458 0.0946298 0 0 0]
 [0.599322 1.88471 2.10551 2.10551 1.75854 0.43372 0 0]
 [1.29327 1.28539 1.28539 1.30116 1.28539 1.29327 1.02516 1.1119]
 [0.48892 0.449491 0.496806 0.481035 0.473149 0.465263 0.425834 0.473149]]
Point25_imp=
[[0 0 0 0 0 0 0 0]
 [0 0 0 0 0 0 0 0]
 [0 0 0 0 0 0 0 0]
 [0 0 0 0 0 0 0 0]
 [0 0.18926 1.1671 1.11979 0.126173 0 0 0]
 [0.552007 1.86894 2.10551 2.10551 1.77431 0.449491 0 0]
 [1.29327 1.28539 1.28539 1.30116 1.28539 1.29327 0.977841 1.04881]
 [0.48892 0.449491 0.496806 0.481035 0.473149 0.465263 0.425834 0.473149]]
Point26_imp=
[[0 0 0 0 0 0 0 0]
 [0 0 0 0 0 0 0 0]
 [0 0 0 0 0 0 0 0]
 [0 0 0 0 0 0 0 0]
 [0 0.181374 1.2223 1.19864 0.14983 0 0 0]
 [0.48892 1.84528 2.10551 2.10551 1.79797 0.449491 0 0]
 [1.29327 1.28539 1.28539 1.30116 1.28539 1.29327 0.954183 1.00938]
 [0.48892 0.449491 0.496806 0.481035 0.473149 0.465263 0.425834 0.473149]]
Point27_imp=
[[0 0 0 0 0 0 0 0]
 [0 0 0 0 0 0 0 0]
 [0 0 0 0 0 0 0 0]
 [0 0 0 0 0 0 0 0]
 [0 0.173488 1.23807 1.26962 0.173488 0 0 0]
 [0.441606 1.82162 2.10551 2.10551 1.82951 0.449491 0 0]
 [1.29327 1.28539 1.28539 1.30116 1.28539 1.29327 0.938412 0.969955]
 [0.48892 0.449491 0.496806 0.481035 0.473149 0.465263 0.425834 0.473149]]
Point28_imp=
[[0 0 0 0 0 0 0 0]
 [0 0 0 0 0 0 0 0]
 [0 0 0 0 0 0 0 0]
 [0 0 0 0 0 0 0 0]
 [0 0.165602 1.26962 1.32482 0.205031 0 0 0]
 [0.394291 1.79797 2.10551 2.10551 1.85317 0.465263 0 0]
 [1.2775 1.28539 1.28539 1.30116 1.28539 1.29327 0.906869 0.92264]
 [0.48892 0.449491 0.496806 0.481035 0.473149 0.465263 0.425834 0.473149]]
Point29_imp=
[[0 0 0 0 0 0 0 0]
 [0 0 0 0 0 0 0 0]
 [0 0 0 0 0 0 0 0]
 [0 0 0 0 0 0 0 0]
 [0 0.14983 1.30116 1.41156 0.236574 0 0 0]
 [0.33909 1.76642 2.10551 2.10551 1.87682 0.473149 0 0]
 [1.26962 1.28539 1.28539 1.30116 1.28539 1.28539 0.875325 0.867439]
 [0.48892 0.449491 0.496806 0.481035 0.473149 0.465263 0.425834 0.473149]]
Point30_imp=
[[0 0 0 0 0 0 0 0]
 [0 0 0 0 0 0 0 0]
 [0 0 0 0 0 0 0 0]
 [0 0 0 0 0 0 0 0]
 [0 0.141945 1.34059 1.48253 0.276003 0 0 0]
 [0.291775 1.74276 2.10551 2.10551 1.90048 0.473149 0 0]
 [1.25384 1.28539 1.28539 1.30116 1.28539 1.28539 0.851668 0.843782]
 [0.48892 0.449491 0.496806 0.481035 0.473149 0.465263 0.425834 0.473149]]
Point31_imp=
[[0 0 0 0 0 0 0 0]
 [0 0 0 0 0 0 0 0]
 [0 0 0 0 0 0 0 0]
 [0 0 0 0 0 0 0 0]
 [0 0.134059 1.34847 1.54562 0.307547 0 0 0]
 [0.268118 1.71122 2.10551 2.10551 1.92414 0.496806 0 0]
 [1.23807 1.28539 1.28539 1.30116 1.28539 1.28539 0.843782 0.804353]
 [0.48892 0.449491 0.496806 0.481035 0.473149 0.465263 0.425834 0.473149]]
Point32_imp=
[[0 0 0 0 0 0 0 0]
 [0 0 0 0 0 0 0 0]
 [0 0 0 0 0 0 0 0]
 [0 0 0 0 0 0 0 0]
 [0 0.126173 1.36425 1.57716 0.346976 0 0 0]
 [0.220803 1.67968 2.10551 2.10551 1.93991 0.496806 0 0]
 [1.21442 1.28539 1.28539 1.30116 1.28539 1.28539 0.796467 0.749152]
 [0.48892 0.449491 0.496806 0.481035 0.473149 0.465263 0.425834 0.473149]]
Point33_imp=
[[0 0 0 0 0 0 0 0]
 [0 0 0 0 0 0 0 0]
 [0 0 0 0 0 0 0 0]
 [0 0 0 0 0 0 0 0]
 [0 0.118287 1.38002 1.70334 0.402176 0 0 0]
 [0.18926 1.63236 2.10551 2.10551 1.96357 0.520464 0 0]
 [1.19076 1.28539 1.28539 1.30116 1.28539 1.28539 0.788581 0.717609]
 [0.48892 0.449491 0.496806 0.481035 0.473149 0.465263 0.425834 0.473149]]
Point34_imp=
[[0 0 0 0 0 0 0 0]
 [0 0 0 0 0 0 0 0]
 [0 0 0 0 0 0 0 0]
 [0 0 0 0 0 0 0 0]
 [0 0.110401 1.40367 1.75065 0.457377 0 0 0]
 [0.14983 1.60082 2.10551 2.10551 1.97934 0.528349 0 0]
 [1.1671 1.28539 1.28539 1.30116 1.28539 1.28539 0.77281 0.693952]
 [0.48892 0.449491 0.496806 0.481035 0.473149 0.465263 0.425834 0.473149]]
Point35_imp=
[[0 0 0 0 0 0 0 0]
 [0 0 0 0 0 0 0 0]
 [0 0 0 0 0 0 0 0]
 [0 0 0 0 0 0 0 0]
 [0 0.0867439 1.41945 1.79797 0.496806 0 0 0]
 [0.118287 1.54562 2.10551 2.10551 1.99511 0.559893 0 0]
 [1.13556 1.28539 1.28539 1.30116 1.28539 1.28539 0.749152 0.630865]
 [0.48892 0.449491 0.496806 0.481035 0.473149 0.465263 0.425834 0.473149]]
Point36_imp=
[[0 0 0 0 0 0 0 0]
 [0 0 0 0 0 0 0 0]
 [0 0 0 0 0 0 0 0]
 [0 0 0 0 0 0 0 0]
 [0 0.0867439 1.43522 1.90048 0.552007 0 0 0]
 [0.0946298 1.52985 2.10551 2.10551 2.01877 0.575664 0 0]
 [1.10401 1.28539 1.28539 1.30116 1.28539 1.28539 0.717609 0.607208]
 [0.48892 0.449491 0.496806 0.481035 0.473149 0.465263 0.425834 0.473149]]
Point37_imp=
[[0 0 0 0 0 0 0 0]
 [0 0 0 0 0 0 0 0]
 [0 0 0 0 0 0 0 0]
 [0 0 0 0 0 0 0 0]
 [0 0.0630865 1.41945 1.97145 0.630865 0 0 0]
 [0.0788581 1.45099 2.10551 2.10551 2.02665 0.599322 0 0]
 [1.07247 1.28539 1.28539 1.30116 1.28539 1.28539 0.709723 0.58355]
 [0.48892 0.449491 0.496806 0.481035 0.473149 0.465263 0.425834 0.473149]]
Point38_imp=
[[0 0 0 0 0 0 0 0]
 [0 0 0 0 0 0 0 0]
 [0 0 0 0 0 0 0 0]
 [0 0 0 0 0 0 0 0]
 [0 0.0630865 1.43522 2.01877 0.686066 0 0 0]
 [0.0552007 1.41156 2.10551 2.10551 2.04243 0.615093 0 0]
 [1.02516 1.28539 1.28539 1.30116 1.28539 1.28539 0.693952 0.544121]
 [0.48892 0.449491 0.496806 0.481035 0.473149 0.465263 0.425834 0.473149]]
Point39_imp=
[[0 0 0 0 0 0 0 0]
 [0 0 0 0 0 0 0 0]
 [0 0 0 0 0 0 0 0]
 [0 0 0 0 0 0 0 0]
 [0 0.0552007 1.45099 2.05031 0.749152 0 0 0]
 [0.0315433 1.37213 2.10551 2.10551 2.05031 0.654523 0 0]
 [0.985727 1.28539 1.28539 1.30116 1.28539 1.28539 0.67818 0.48892]
 [0.48892 0.449491 0.496806 0.481035 0.473149 0.465263 0.425834 0.473149]]
Point40_imp=
[[0 0 0 0 0 0 0 0]
 [0 0 0 0 0 0 0 0]
 [0 0 0 0 0 0 0 0]
 [0 0 0 0 0 0 0 0]
 [0 0.0394291 1.4431 2.1686 0.820125 0 0 0]
 [0.0236574 1.30116 2.10551 2.10551 2.06608 0.670294 0 0]
 [0.938412 1.28539 1.28539 1.30116 1.28539 1.28539 0.646637 0.465263]
 [0.48892 0.449491 0.496806 0.481035 0.473149 0.465263 0.425834 0.473149]]
Point41_imp=
[[0 0 0 0 0 0 0 0]
 [0 0 0 0 0 0 0 0]
 [0 0 0 0 0 0 0 0]
 [0 0 0 0 0 0 0 0]
 [0 0.0315433 1.43522 2.23169 0.898983 0 0 0]
 [0.0157716 1.24596 2.10551 2.10551 2.07397 0.701837 0 0]
 [0.891097 1.28539 1.28539 1.30116 1.28539 1.28539 0.630865 0.457377]
 [0.48892 0.449491 0.496806 0.481035 0.473149 0.465263 0.425834 0.473149]]
Point42_imp=
[[0 0 0 0 0 0 0 0]
 [0 0 0 0 0 0 0 0]
 [0 0 0 0 0 0 0 0]
 [0 0 0 0 0 0 0 0]
 [0 0.0236574 1.41945 2.26323 0.977841 0 0 0]
 [0.00788581 1.19864 2.10551 2.10551 2.08185 0.725495 0 0]
 [0.843782 1.28539 1.28539 1.30116 1.28539 1.28539 0.630865 0.402176]
 [0.48892 0.449491 0.496806 0.481035 0.473149 0.465263 0.425834 0.473149]]
Point43_imp=
[[0 0 0 0 0 0 0 0]
 [0 0 0 0 0 0 0 0]
 [0 0 0 0 0 0 0 0]
 [0 0 0 0 0 0 0 0]
 [0 0.0157716 1.41156 2.34997 1.0567 0 0 0]
 [0 1.11979 2.10551 2.10551 2.08185 0.77281 0 0]
 [0.796467 1.28539 1.28539 1.30116 1.28539 1.28539 0.622979 0.362747]
 [0.48892 0.449491 0.496806 0.481035 0.473149 0.465263 0.425834 0.473149]]
Point44_imp=
[[0 0 0 0 0 0 0 0]
 [0 0 0 0 0 0 0 0]
 [0 0 0 0 0 0 0 0]
 [0 0 0 0 0 0 0 0]
 [0 0.00788581 1.41156 2.40517 1.14344 0 0 0]
 [0 1.04881 2.10551 2.10551 2.08974 0.796467 0 0]
 [0.749152 1.28539 1.28539 1.30116 1.28539 1.28539 0.591436 0.354862]
 [0.48892 0.449491 0.496806 0.481035 0.473149 0.465263 0.425834 0.473149]]
Point45_imp=
[[0 0 0 0 0 0 0 0]
 [0 0 0 0 0 0 0 0]
 [0 0 0 0 0 0 0 0]
 [0 0 0 0 0 0 0 0]
 [0 0 1.39579 2.45249 1.23019 0 0 0]
 [0 1.00938 2.10551 2.10551 2.08974 0.843782 0 0]
 [0.686066 1.28539 1.28539 1.30116 1.28539 1.28539 0.58355 0.315433]
 [0.48892 0.449491 0.496806 0.481035 0.473149 0.465263 0.425834 0.473149]]
Point46_imp=
[[0 0 0 0 0 0 0 0]
 [0 0 0 0 0 0 0 0]
 [0 0 0 0 0 0 0 0]
 [0 0 0 0.0236574 0 0 0 0]
 [0 0 1.38002 2.47615 1.32482 0 0 0]
 [0 0.92264 2.10551 2.10551 2.08974 0.875325 0 0]
 [0.638751 1.2775 1.28539 1.30116 1.28539 1.28539 0.58355 0.276003]
 [0.48892 0.449491 0.496806 0.481035 0.473149 0.465263 0.425834 0.473149]]
Point47_imp=
[[0 0 0 0 0 0 0 0]
 [0 0 0 0 0 0 0 0]
 [0 0 0 0 0 0 0 0]
 [0 0 0 0.0867439 0 0 0 0]
 [0 0 1.35636 2.49192 1.40367 0.00788581 0 0]
 [0 0.851668 2.10551 2.10551 2.08974 0.914754 0 0]
 [0.599322 1.26962 1.28539 1.30116 1.28539 1.28539 0.567779 0.260232]
 [0.48892 0.449491 0.496806 0.481035 0.473149 0.465263 0.425834 0.473149]]
Point48_imp=
[[0 0 0 0 0 0 0 0]
 [0 0 0 0 0 0 0 0]
 [0 0 0 0 0 0 0 0]
 [0 0 0 0.126173 0 0 0 0]
 [0 0 1.32482 2.4998 1.52196 0.00788581 0 0]
 [0 0.77281 2.10551 2.10551 2.08974 0.954183 0 0]
 [0.544121 1.26173 1.28539 1.30116 1.28539 1.28539 0.544121 0.252346]
 [0.48892 0.449491 0.496806 0.481035 0.473149 0.465263 0.425834 0.473149]]
Point49_imp=
[[0 0 0 0 0 0 0 0]
 [0 0 0 0 0 0 0 0]
 [0 0 0 0 0 0 0 0]
 [0 0 0 0.14983 0 0 0 0]
 [0 0 1.29327 2.4998 1.60871 0.0157716 0 0]
 [0 0.725495 2.10551 2.10551 2.08974 0.993612 0 0]
 [0.496806 1.23807 1.28539 1.30116 1.28539 1.28539 0.536235 0.205031]
 [0.48892 0.449491 0.496806 0.481035 0.473149 0.465263 0.425834 0.473149]]
Point50_imp=
[[0 0 0 0 0 0 0 0]
 [0 0 0 0 0 0 0 0]
 [0 0 0 0 0 0 0 0]
 [0 0 0 0.236574 0.00788581 0 0 0]
 [0 0 1.30116 2.50769 1.66391 0.0236574 0 0]
 [0 0.670294 2.09763 2.10551 2.08974 0.985727 0 0]
 [0.465263 1.2223 1.28539 1.30116 1.28539 1.28539 0.520464 0.173488]
 [0.48892 0.449491 0.496806 0.481035 0.473149 0.465263 0.425834 0.473149]]
Point51_imp=
[[0 0 0 0 0 0 0 0]
 [0 0 0 0 0 0 0 0]
 [0 0 0 0 0 0 0 0]
 [0 0 0 0.283889 0.0157716 0 0 0]
 [0 0 1.29327 2.50769 1.74276 0.0315433 0 0]
 [0 0.646637 2.09763 2.10551 2.08974 1.01727 0 0]
 [0.410062 1.20653 1.28539 1.30116 1.28539 1.28539 0.496806 0.165602]
 [0.48892 0.449491 0.496806 0.481035 0.473149 0.465263 0.425834 0.473149]]
Point52_imp=
[[0 0 0 0 0 0 0 0]
 [0 0 0 0 0 0 0 0]
 [0 0 0 0 0 0 0 0]
 [0 0 0 0.323318 0.0315433 0 0 0]
 [0 0 1.2775 2.50769 1.79797 0.0394291 0 0]
 [0 0.58355 2.09763 2.10551 2.08974 1.04093 0 0]
 [0.378519 1.18287 1.28539 1.30116 1.28539 1.28539 0.481035 0.126173]
 [0.48892 0.449491 0.496806 0.481035 0.473149 0.465263 0.425834 0.473149]]
Point53_imp=
[[0 0 0 0 0 0 0 0]
 [0 0 0 0 0 0 0 0]
 [0 0 0 0 0 0 0 0]
 [0 0 0 0.394291 0.0473149 0 0 0]
 [0 0 1.28539 2.50769 1.86105 0.0552007 0 0]
 [0 0.544121 2.08974 2.10551 2.08974 1.06458 0 0]
 [0.331204 1.17499 1.28539 1.30116 1.28539 1.28539 0.465263 0.0946298]
 [0.48892 0.449491 0.496806 0.481035 0.473149 0.465263 0.425834 0.473149]]
Point54_imp=
[[0 0 0 0 0 0 0 0]
 [0 0 0 0 0 0 0 0]
 [0 0 0 0 0 0 0 0]
 [0 0 0 0.465263 0.0788581 0 0 0]
 [0 0 1.26962 2.50769 1.90837 0.0630865 0 0]
 [0 0.496806 2.08974 2.10551 2.08974 1.08036 0 0]
 [0.291775 1.13556 1.28539 1.30116 1.28539 1.28539 0.441606 0.0867439]
 [0.48892 0.449491 0.496806 0.481035 0.473149 0.465263 0.425834 0.473149]]
Point55_imp=
[[0 0 0 0 0 0 0 0]
 [0 0 0 0 0 0 0 0]
 [0 0 0 0 0 0 0 0]
 [0 0 0 0.48892 0.0946298 0 0 0]
 [0 0 1.26173 2.50769 1.97145 0.0709723 0 0]
 [0 0.465263 2.08185 2.10551 2.08974 1.08824 0 0]
 [0.24446 1.11979 1.28539 1.30116 1.28539 1.2775 0.425834 0.0473149]
 [0.48892 0.449491 0.496806 0.481035 0.473149 0.465263 0.425834 0.473149]]
Point56_imp=
[[0 0 0 0 0 0 0 0]
 [0 0 0 0 0 0 0 0]
 [0 0 0 0 0 0 0 0]
 [0 0 0 0.559893 0.134059 0 0 0]
 [0 0 1.25384 2.50769 2.03454 0.0788581 0 0]
 [0 0.417948 2.07397 2.10551 2.08974 1.1119 0 0]
 [0.212917 1.08824 1.28539 1.30116 1.28539 1.2775 0.394291 0.0236574]
 [0.48892 0.449491 0.496806 0.481035 0.473149 0.465263 0.425834 0.473149]]
Point57_imp=
[[0 0 0 0 0 0 0 0]
 [0 0 0 0 0 0 0 0]
 [0 0 0 0 0 0 0 0]
 [0 0 0 0.622979 0.157716 0 0 0]
 [0 0 1.23019 2.50769 2.0582 0.102516 0 0]
 [0 0.370633 2.07397 2.10551 2.08974 1.13556 0 0]
 [0.157716 1.0567 1.28539 1.30116 1.28539 1.2775 0.370633 0.0157716]
 [0.48892 0.449491 0.496806 0.481035 0.473149 0.465263 0.425834 0.473149]]
Point58_imp=
[[0 0 0 0 0 0 0 0]
 [0 0 0 0 0 0 0 0]
 [0 0 0 0 0 0 0 0]
 [0 0 0 0.654523 0.197145 0 0 0]
 [0 0 1.20653 2.50769 2.1134 0.110401 0 0]
 [0 0.346976 2.06608 2.10551 2.08974 1.15921 0 0]
 [0.134059 1.03304 1.28539 1.30116 1.28539 1.2775 0.354862 0.00788581]
 [0.48892 0.449491 0.496806 0.481035 0.473149 0.465263 0.425834 0.441606]]
Point59_imp=
[[0 0 0 0 0 0 0 0]
 [0 0 0 0 0 0 0 0]
 [0 0 0 0 0 0 0 0]
 [0 0 0 0.709723 0.236574 0 0 0]
 [0 0 1.19864 2.50769 2.16071 0.134059 0 0]
 [0 0.299661 2.05031 2.10551 2.08974 1.1671 0 0]
 [0.0946298 0.993612 1.28539 1.30116 1.28539 1.2775 0.354862 0]
 [0.481035 0.449491 0.496806 0.481035 0.473149 0.465263 0.425834 0.425834]]
